-0.936677 -0.423477 0.138985 0.137508 0.590400 1.00000
-0.932277 -0.421877 0.146585 0.139508 0.596400 1.00000
-0.929877 -0.419877 0.152585 0.143908 0.604000 1.00000
-0.926677 -0.415477 0.160185 0.148708 0.611600 1.00000
-0.925477 -0.412677 0.165785 0.151508 0.619200 1.00000
-0.923877 -0.412277 0.169785 0.151908 0.624800 1.00000
-0.919077 -0.408277 0.174585 0.151108 0.627600 1.00000
-0.911077 -0.402677 0.176585 0.146708 0.629600 1.00000
-0.901477 -0.397477 0.178585 0.141908 0.630000 1.00000
-0.893477 -0.389477 0.180585 0.136308 0.631200 1.00000
-0.884277 -0.385077 0.183385 0.127908 0.632400 1.00000
-0.875477 -0.379477 0.184985 0.121108 0.634800 1.00000
-0.869477 -0.372677 0.189385 0.111908 0.636800 1.00000
-0.865477 -0.367077 0.194585 0.102308 0.638000 1.00000
-0.861877 -0.360277 0.196585 0.0931080 0.638800 1.00000
-0.859077 -0.354277 0.196585 0.0851080 0.638000 1.00000
-0.857477 -0.351477 0.197385 0.0763080 0.638000 1.00000
-0.856677 -0.350277 0.196185 0.0663080 0.636800 1.00000
-0.857477 -0.351077 0.194985 0.0551080 0.634400 1.00000
-0.855877 -0.348677 0.194585 0.0443080 0.633600 1.00000
-0.853477 -0.345477 0.196185 0.0363080 0.634800 1.00000
-0.851877 -0.343477 0.195385 0.0287080 0.638800 1.00000
-0.852677 -0.340677 0.194585 0.0231080 0.642800 1.00000
-0.855877 -0.339477 0.193785 0.0199080 0.646800 1.00000
-0.856277 -0.339477 0.193385 0.0159080 0.647600 1.00000
-0.857077 -0.337077 0.192185 0.0139080 0.649600 1.00000
-0.858677 -0.336277 0.190585 0.0127080 0.651200 1.00000
-0.860677 -0.336277 0.189785 0.0143080 0.651200 1.00000
-0.862677 -0.333077 0.185785 0.0175080 0.652000 1.00000
-0.863877 -0.333877 0.181385 0.0187080 0.652400 1.00000
-0.866677 -0.335477 0.178185 0.0179080 0.653600 1.00000
-0.867477 -0.333877 0.170985 0.0159080 0.653600 1.00000
-0.865477 -0.333877 0.165785 0.0143080 0.654000 1.00000
-0.861877 -0.332677 0.161385 0.0131080 0.654000 1.00000
-0.857877 -0.333877 0.156185 0.0135080 0.656000 1.00000
-0.854277 -0.333877 0.148585 0.0119080 0.657200 1.00000
-0.851877 -0.333077 0.142985 0.0131080 0.656400 1.00000
-0.849477 -0.333877 0.139785 0.0135080 0.658000 1.00000
-0.844277 -0.333077 0.136185 0.0123080 0.660800 1.00000
-0.839077 -0.332277 0.134185 0.0131080 0.667600 1.00000
-0.834677 -0.333477 0.130985 0.0151080 0.674400 1.00000
-0.829877 -0.333077 0.129385 0.0171080 0.684000 1.00000
-0.821477 -0.331077 0.126185 0.0175080 0.694800 1.00000
-0.809877 -0.328677 0.124585 0.0175080 0.702800 1.00000
-0.799477 -0.324677 0.124185 0.0191080 0.713200 1.00000
-0.786277 -0.321477 0.123385 0.0203080 0.724400 1.00000
-0.773877 -0.319477 0.126185 0.0239080 0.736800 1.00000
-0.765077 -0.317477 0.128985 0.0271080 0.747600 1.00000
-0.757077 -0.316277 0.132985 0.0323080 0.760800 1.00000
-0.752277 -0.316277 0.136985 0.0363080 0.770800 1.00000
-0.748677 -0.319877 0.140185 0.0391080 0.779600 1.00000
-0.745877 -0.325477 0.141785 0.0383080 0.786400 1.00000
-0.741877 -0.329077 0.143785 0.0403080 0.793600 0.996400
-0.737477 -0.331877 0.147385 0.0435080 0.797600 0.990000
-0.734677 -0.335477 0.148985 0.0459080 0.800400 0.983200
-0.733877 -0.337077 0.152585 0.0451080 0.806000 0.977600
-0.736277 -0.339477 0.155385 0.0443080 0.812000 0.970000
-0.741877 -0.342677 0.160185 0.0439080 0.816800 0.959200
-0.749077 -0.347477 0.164585 0.0455080 0.822400 0.949200
-0.755077 -0.350277 0.170985 0.0451080 0.825200 0.939200
-0.763077 -0.349877 0.176985 0.0471080 0.827600 0.929600
-0.770277 -0.349077 0.179785 0.0495080 0.827200 0.917200
-0.776277 -0.348677 0.183385 0.0535080 0.826000 0.905200
-0.781477 -0.349877 0.186585 0.0547080 0.823600 0.891200
-0.782677 -0.349077 0.191785 0.0583080 0.822400 0.879600
-0.780677 -0.345877 0.198185 0.0647080 0.822800 0.869600
-0.775877 -0.340277 0.206985 0.0719080 0.824000 0.860000
-0.771877 -0.335077 0.215385 0.0763080 0.823200 0.850400
-0.770677 -0.331077 0.222985 0.0799080 0.824800 0.840400
-0.767477 -0.328277 0.230185 0.0835080 0.826800 0.831200
-0.762277 -0.324677 0.235785 0.0883080 0.827600 0.821200
-0.753877 -0.322677 0.239785 0.0915080 0.827600 0.811600
-0.743077 -0.321877 0.243785 0.0955080 0.828800 0.803600
-0.731877 -0.321877 0.246185 0.0967080 0.828800 0.796800
-0.722677 -0.325477 0.247385 0.0995080 0.829600 0.790000
-0.713077 -0.330277 0.246185 0.100308 0.831200 0.782800
-0.705477 -0.336677 0.246585 0.101908 0.834000 0.776800
-0.697877 -0.340677 0.244185 0.101908 0.840000 0.773600
-0.690277 -0.343477 0.239785 0.105108 0.844400 0.769600
-0.685877 -0.345477 0.232185 0.107108 0.847600 0.763600
-0.682277 -0.346277 0.226185 0.108308 0.850400 0.758000
-0.681077 -0.351077 0.218585 0.111908 0.854400 0.753200
-0.679477 -0.357477 0.207785 0.115908 0.858400 0.750400
-0.675077 -0.364277 0.195785 0.118708 0.862400 0.749600
-0.671877 -0.369877 0.186585 0.119908 0.866800 0.749600
-0.668277 -0.375877 0.179385 0.121908 0.869600 0.752400
-0.665877 -0.379477 0.174185 0.122708 0.870800 0.754800
-0.663477 -0.382677 0.165385 0.120708 0.872000 0.758400
-0.660277 -0.384277 0.157385 0.120308 0.874400 0.759600
-0.655077 -0.383077 0.147385 0.119508 0.878400 0.762800
-0.649077 -0.383477 0.140585 0.119908 0.879600 0.768400
-0.641477 -0.385077 0.132985 0.119908 0.880400 0.773200
-0.634677 -0.386277 0.125385 0.118708 0.878000 0.774000
-0.628277 -0.388277 0.118185 0.116308 0.877600 0.774400
-0.620677 -0.391477 0.112985 0.111908 0.876400 0.772800
-0.611877 -0.395477 0.106585 0.107508 0.876400 0.770800
-0.604277 -0.399477 0.0981850 0.0999080 0.874400 0.768000
-0.594677 -0.400677 0.0933850 0.0907080 0.872800 0.763200
-0.586277 -0.400277 0.0901850 0.0835080 0.870000 0.760000
-0.578677 -0.399077 0.0849850 0.0771080 0.865600 0.755600
-0.571477 -0.398677 0.0777850 0.0719080 0.863200 0.749600
-0.563077 -0.401477 0.0697850 0.0699080 0.859600 0.745200
-0.555477 -0.402677 0.0613850 0.0683080 0.855200 0.740800
-0.547077 -0.402677 0.0521850 0.0683080 0.849200 0.737200
-0.539877 -0.403077 0.0433850 0.0687080 0.840000 0.730800
-0.535077 -0.402677 0.0333850 0.0683080 0.832000 0.723600
-0.531877 -0.400277 0.0225850 0.0655080 0.826000 0.718000
-0.526277 -0.400677 0.0153850 0.0655080 0.820800 0.715200
-0.522277 -0.399877 0.00858500 0.0631080 0.814000 0.716000
-0.517877 -0.399477 0.00138500 0.0635080 0.807200 0.720800
-0.516277 -0.399877 -0.00421500 0.0631080 0.796800 0.727600
-0.512677 -0.397877 -0.00941500 0.0659080 0.787200 0.735200
-0.509077 -0.397077 -0.0158150 0.0691080 0.778000 0.740800
-0.506677 -0.397477 -0.0202150 0.0727080 0.770000 0.744800
-0.502677 -0.397077 -0.0234150 0.0755080 0.762400 0.750000
-0.496677 -0.397877 -0.0242150 0.0783080 0.753600 0.755600
-0.491877 -0.397477 -0.0254150 0.0803080 0.748000 0.760800
-0.488277 -0.395077 -0.0266150 0.0831080 0.744800 0.763600
-0.486677 -0.393877 -0.0254150 0.0843080 0.743600 0.765200
-0.484277 -0.392277 -0.0242150 0.0867080 0.742800 0.767600
-0.478677 -0.388277 -0.0230150 0.0879080 0.742400 0.770000
-0.474277 -0.385077 -0.0186150 0.0919080 0.738000 0.773600
-0.472677 -0.377877 -0.0150150 0.0963080 0.735600 0.775200
-0.468277 -0.369477 -0.0118150 0.101108 0.735200 0.775200
-0.465477 -0.360677 -0.00821500 0.105108 0.736800 0.775200
-0.462277 -0.350277 -0.00661500 0.110708 0.742000 0.771200
-0.459877 -0.341477 -0.00341500 0.117108 0.747600 0.766400
-0.458277 -0.335077 0.00138500 0.125108 0.753200 0.765200
-0.454277 -0.331077 0.00338500 0.134308 0.758800 0.763600
-0.451877 -0.329477 0.00658500 0.145108 0.766000 0.762000
-0.453077 -0.326277 0.00978500 0.152308 0.772400 0.759600
-0.453077 -0.323477 0.0121850 0.156708 0.776000 0.758000
-0.450677 -0.321077 0.0149850 0.161508 0.779600 0.758000
-0.449077 -0.318277 0.0169850 0.168308 0.781200 0.761200
-0.447877 -0.315477 0.0217850 0.173508 0.783600 0.763600
-0.450277 -0.314677 0.0273850 0.179108 0.783600 0.766400
-0.453477 -0.311877 0.0297850 0.183908 0.784800 0.768400
-0.453477 -0.311077 0.0313850 0.186308 0.784400 0.769600
-0.453877 -0.311877 0.0309850 0.188308 0.781200 0.772400
-0.452677 -0.311877 0.0281850 0.188708 0.780000 0.774400
-0.452277 -0.312677 0.0249850 0.186308 0.777600 0.778400
-0.453077 -0.311077 0.0229850 0.181508 0.774000 0.784000
-0.454677 -0.308677 0.0193850 0.175108 0.772000 0.786400
-0.457077 -0.302277 0.0165850 0.166308 0.768800 0.787600
-0.461477 -0.293077 0.0133850 0.156708 0.762000 0.790400
-0.463877 -0.284277 0.00938500 0.148708 0.755200 0.795200
-0.468677 -0.272677 0.00858500 0.142308 0.751600 0.798000
-0.474277 -0.262277 0.00778500 0.136308 0.744400 0.800000
-0.480277 -0.253077 0.00778500 0.128308 0.738800 0.798800
-0.486277 -0.245477 0.00738500 0.121108 0.731600 0.800000
-0.490277 -0.235877 0.00818500 0.112708 0.726000 0.802400
-0.490277 -0.228677 0.0121850 0.101508 0.722800 0.803200
-0.490677 -0.221077 0.0173850 0.0895080 0.720000 0.805600
-0.494277 -0.211877 0.0261850 0.0787080 0.718000 0.806000
-0.496677 -0.203477 0.0365850 0.0703080 0.714400 0.804800
-0.497477 -0.194677 0.0493850 0.0647080 0.710400 0.805200
-0.497877 -0.187077 0.0593850 0.0603080 0.710000 0.804000
-0.500277 -0.178277 0.0697850 0.0587080 0.710000 0.804400
-0.501077 -0.170277 0.0781850 0.0579080 0.710800 0.807600
-0.499077 -0.164277 0.0877850 0.0579080 0.714400 0.809200
-0.497477 -0.158277 0.0965850 0.0575080 0.717600 0.807600
-0.494277 -0.153877 0.103785 0.0571080 0.720400 0.807600
-0.491477 -0.147877 0.114185 0.0559080 0.724000 0.806400
-0.486277 -0.143477 0.122185 0.0527080 0.726000 0.808400
-0.481877 -0.137077 0.127385 0.0487080 0.730400 0.810800
-0.477877 -0.131077 0.130185 0.0455080 0.736000 0.810000
-0.475877 -0.124277 0.131385 0.0455080 0.741600 0.808800
-0.475477 -0.118277 0.133385 0.0467080 0.748400 0.808000
-0.473477 -0.115877 0.134985 0.0479080 0.756400 0.807200
-0.471077 -0.112677 0.135385 0.0471080 0.764000 0.808000
-0.470277 -0.111477 0.134985 0.0435080 0.771600 0.806400
-0.469877 -0.112277 0.134585 0.0407080 0.777200 0.803600
-0.469877 -0.113877 0.132585 0.0383080 0.782800 0.802000
-0.473477 -0.114677 0.133785 0.0351080 0.786800 0.801200
-0.476677 -0.116677 0.133385 0.0319080 0.791200 0.799200
-0.480277 -0.119877 0.132185 0.0291080 0.796800 0.798400
-0.486277 -0.124277 0.130585 0.0279080 0.800800 0.797600
-0.493077 -0.129477 0.128585 0.0251080 0.805600 0.798400
-0.499877 -0.133477 0.129785 0.0243080 0.812400 0.795600
-0.509077 -0.138677 0.130985 0.0255080 0.820400 0.792800
-0.517877 -0.145477 0.133785 0.0279080 0.828000 0.790000
-0.525877 -0.150277 0.136585 0.0303080 0.832000 0.788400
-0.533077 -0.154677 0.135785 0.0307080 0.836000 0.787600
-0.541877 -0.155077 0.132985 0.0303080 0.839200 0.786000
-0.550677 -0.156277 0.129385 0.0323080 0.841600 0.783600
-0.557877 -0.158677 0.124985 0.0355080 0.843600 0.783600
-0.563077 -0.157877 0.120985 0.0391080 0.845200 0.784800
-0.567477 -0.157077 0.118585 0.0431080 0.844000 0.784000
-0.570277 -0.156277 0.113785 0.0471080 0.845600 0.779600
-0.573877 -0.153477 0.108585 0.0531080 0.847600 0.775600
-0.577877 -0.148277 0.104985 0.0579080 0.851200 0.772000
-0.579477 -0.142677 0.100585 0.0611080 0.854000 0.767200
-0.582277 -0.136677 0.0949850 0.0667080 0.856800 0.763600
-0.585877 -0.128277 0.0885850 0.0723080 0.860800 0.762800
-0.587477 -0.119077 0.0837850 0.0775080 0.861200 0.762000
-0.587877 -0.109877 0.0785850 0.0819080 0.860400 0.760400
-0.589477 -0.104677 0.0741850 0.0851080 0.862000 0.758800
-0.591077 -0.0974770 0.0693850 0.0899080 0.862800 0.756400
-0.590677 -0.0930770 0.0665850 0.0963080 0.862000 0.755200
-0.593477 -0.0870770 0.0657850 0.101908 0.862800 0.752400
